version 0 is [[5.0], [2.0], [1.0], [1.0], [1.0]]
 Convnet mozart:
 loss: 0.116
 output:
[[17  3  3  3 16  3  3  3  8  3  3  3  3  3  3  3 11  3  3  3  3  3  3  3 3  3  3  3  3  3  3  3  3  3  3  3]
 [ 1  1  1  1  2  1  1  1  1  1  1  1  1  1  1  1  1  1  1  1  1  1  1  1 1  1  1  1  1  1  1  1  1  1  1  1]
 [ 0  0  0  0  0  0  0  0  0  0  0  0  0  0  0  0  0  0  0  0  0  0  0  0 0  0  0  0  0  0  0  0  0  0  0  0]
 [ 0  0  0  0  0  0  0  0  0  0  0  0  0  0  0  0  0  0  0  0  0  0  0  0 0  0  0  0  0  0  0  0  0  0  0  0]
 [ 0  0  0  0  0  0  0  0  0  0  0  0  0  0  0  0  0  0  0  0  0  0  0  0 0  0  0  0  0  0  0  0  0  0  0  0]]

 Transformer mozart:
 loss: 0.137
 output:
 [[7 3 4 3 6 3 3 3 4 3 3 3 4 3 4 4 4 3 3 3 4 3 4 3 3 4 3 3 3 3 3 3 3 4 3 4]
 [1 1 1 1 1 1 2 1 1 2 2 1 1 2 2 1 1 2 1 1 1 1 1 1 1 1 1 1 1 1 1 1 1 1 1 1]
 [0 0 0 0 0 0 0 0 0 0 0 0 0 0 0 0 0 0 0 0 0 0 0 0 0 0 0 0 0 0 0 0 0 0 0 0]
 [0 0 0 0 0 0 0 0 0 0 0 0 0 0 0 0 0 0 0 0 0 0 0 0 0 0 0 0 0 0 0 0 0 0 0 0]
 [0 0 0 0 0 0 0 0 0 0 0 0 0 0 0 0 0 0 0 0 0 0 0 0 0 0 0 0 0 0 0 0 0 0 0 0]]

version 1 is [[1.0], [1.0], [1.0], [2.0], [5.0]]
 Convnet mozart:
 loss: 0.131
 output:
 [[32  0  0  0 24  0  0  0 26  0  0  0  0  0  0  0 27  0  0  0  2  0  0  0 8  0  0  0  0  0  0  0  1  0  0  0]
 [ 0  0  0  0  0  0  0  0  0  0  0  0  0  0  0  0  0  0  0  0  0  0  0  0 0  0  0  0  0  0  0  0  0  0  0  0]
 [ 0  0  0  0  0  0  0  0  0  0  0  0  0  0  0  0  0  0  0  0  0  0  0  0 0  0  0  0  0  0  0  0  0  0  0  0]
 [ 2  1  1  1  2  1  2  1  2  1  1  1  1  1  1  1  2  1  1  1  1  1  1  1 1  1  1  1  2  1  1  1  1  1  1  1]
 [ 3  3  3  3  3  3  3  3  3  3  3  3  3  3  3  3  3  3  3  3  3  3  3  3 3  3  3  3  3  3  3  3  3  3  3  3]]


 Transformer mozart:
 loss: 0.138
 output:
 [[6 0 0 0 2 0 1 0 6 0 0 0 0 0 0 0 1 0 0 0 0 0 0 0 1 0 0 0 0 0 0 0 0 0 0 0]
 [0 0 0 0 0 0 0 0 0 0 0 0 0 0 0 0 0 0 0 0 0 0 0 0 0 0 0 0 0 0 0 0 0 0 0 0]
 [0 0 0 0 0 0 0 0 0 0 0 0 0 0 0 0 0 0 0 0 0 0 0 0 0 0 0 0 0 0 0 0 0 0 0 0]
 [1 1 1 1 1 1 1 1 2 1 1 1 1 1 1 1 1 1 1 1 1 1 1 1 1 1 1 1 1 1 1 1 1 1 1 1]
 [3 3 3 3 3 3 3 3 3 3 3 3 3 3 3 3 3 3 3 3 3 3 3 3 3 3 3 3 3 3 3 3 3 3 3 3]]
 
 version 2 is [[1.0], [1.0], [1.0], [1.0], [1.0]] (control, no weight modification)
 Convnet mozart:
 loss: 0.116
 output:
[[66  0  1  0 68  0  0  0 67  0  0  0 29  0  0  0 71  0  0  0 63  0  0  0 67  0  0  0 65  0  0  0 66  0  0  0]
 [ 0  0  0  0  0  0  0  0  0  0  0  0  0  0  0  0  0  0  0  0  0  0  0  0  0  0  0  0  0  0  0  0  0  0  0  0] 
 [ 0  0  0  0  0  0  0  0  0  0  0  0  0  0  0  0  0  0  0  0  0  0  0  0  0  0  0  0  0  0  0  0  0  0  0  0]
 [ 0  0  0  0  0  0  0  0  0  0  0  0  0  0  0  0  0  0  0  0  0  0  0  0  0  0  0  0  0  0  0  0  0  0  0  0]
 [ 0  0  0  0  0  0  0  0  0  0  0  0  0  0  0  0  0  0  0  0  0  0  0  0  0  0  0  0  0  0  0  0  0  0  0  0]]


 Transformer mozart:
 loss: 0.153
 output:
 [[25 -2  2 -1  5  0  6 -1 49  4  0 -1 22  1  9  0 53  0 10  0 18  0  8  0 61  2  9  0 27  0  0 -1 34 -1  0 -1]
 [ 1  0  0  0  1  0  0  0  1  0  0  0  0  0  0  0  0  0  0  0  0  0  0  0 0  0  0  0  0  0  0  0  0  0  0  0]
 [ 0  0  0  0  0  0  0  0  0  0  0  0  0  0  0  0  0  0  0  0  0  0  0  0 0  0  0  0  0  0  0  0  0  0  0  0]
 [ 0  0  0  0  0  0  0  0  0  0  0  0  0  0  0  0  0  0  0  0  0  0  0  0 0  0  0  0  0  0  0  0  0  0  0  0]
 [ 0  0  0  0  0  0  0  0  0  0  0  0  0  0  0  0  0  0  0  0  0  0  0  0 0  0  0  0  0  0  0  0  0  0  0  0]]
 
 
 version 3 is also control, no Weighted loss just plain L1
 Convnet mozart:
 loss: 0.298
 output:
 [[56  1 45  0 68 -1 39  0 68  0 15  0 32  0 13  0 63  1 21  0 63  0 19  0 62  0  4  1 42  0  3  0 57  0  7  0]
 [19  0  3  0 26  0  2  0 24  0  0  0  4  0  0  0 14  0  1  0 15  0  0  0 16  0  0  0  9  0  0  0  8  0  0  0]
 [ 1  0  0  0  3  0  0  0  3  0  0  0  0  0  0  0  1  0  0  0  2  0  0  0 1  0  0  0  1  0  0  0  0  0  0  0]
 [ 1  0  0  0  0  0  0  0  0  0  0  0  0  0  0  0  0  0  0  0  0  0  0  0 0  0  0  0  0  0  0  0  0  0  0  0]
 [ 0  0  0  0  0  0  0  0  0  0  0  0  0  0  0  0  0  0  0  0  0  0  0  0  0  0  0  0  0  0  0  0  0  0  0  0]]



 Transformer mozart:
 loss: 0.306
 output:
 [[37  2 17  2 45  6 12  2 31  1  8 -2 14  4 17  3 52  2 18  3 30  3  9  5 28  4 10  4 25  4 12  4 30  2  4  0]
 [16  1  3  2 20  6  5  0 31  2  6  1 12  2  4  2 15  2  3  5 10  2  2  2 14  0  2  0  9  0  2  1 38  0 13  1]
 [ 0  0  0  0  0  0  0  0  1  0  0 -1  0  0  0  0  0  0  0  0  0  0  0  0  1  0  0  0  0  0  0  0  1  0  1  0]
 [ 0  0  0  0  0  0  0  0  0  0  0  0  0  0  0  0  0  0  0  0  0  0  0  0  0  0  0  0  0  0  0  0  0  0  0  0]
 [ 0  0  0  0  0  0  0  0  0  0  0  0  0  0  0  0  0  0  0  0  0  0  0  0  0  0  0  0  0  0  0  0  0  0  0  0]]


Notes: Seems the issue has been fixed so redoing everywheighted one:



version 4 is [5.0, 2.0, 1.0, 1.0, 1.0] (with fix)
 Convnet mozart:
 loss: 0.241
 output:
[[66  0 37  1 68  1 35  0 64  0 15  0 38  0 11  0 66  0 15  0 66  0  9  0 57  0  3  1 38  1  3  1 53  1  7  1]
 [15  0  1  0 12  0  0  0  7  0  0  0  5  0  0  0  6  0  0  0 11  0  1  0 11  0  0  0  5  0  0  0  6  0  1  0]
 [ 1  0  0  0  0  0  0  0 -1  0  0  0  0  0  0  0  0  0  0  0  0  0  0  0 0  0  0  0  1  0  0  0  1  0  0  0]
 [ 0  0  0  0  0  0  0  0  0  0  0  0  0  0  0  0  0  0  0  0  0  0  0  0 0  0  0  0  0  0  0  0  0  0  0  0]
 [ 0  0  0  0  0  0  0  0  0  0  0  0  0  0  0  0  0  0  0  0  0  0  0  0 0  0  0  0  0  0  0  0  0  0  0  0]]

 Transformer mozart:
 loss: 0.312
 output:
[[27  4 15 10 25  6 17  5 21  3  8  5  5  3  5  8 11  0  3  7  5  6  6  7  1  0  0  6  0  7 -2 11  2 12  0  9]
 [11  1  5  5 12  0  3  1 11  1 10  2  4  4  5  5 13  3  6  6 18  0  2  5 19  1 10  3 40  0 27  3 48  1 37  4]
 [ 0  0  1  0  1  0  0  1  1  1  0  1  1  0  0  0  0  0  0  0  0  0  0  0  0  0 -1  0  0  0  0  0  1  0  0  0]
 [ 0  0  0  0  1  0  0  0  0  0 -1  0  0 -1  0  0  0 -1 -1  0  0  0  0  0  0  0 -1  0  0 -1 -1 -1  0  0 -1 -1]
 [ 0  0  0  0  0  0  0  0  0  0 -1 -1  0  0  0  0 -1  0  0  0  0  0  0  0  0  0  0  0  0  0  0  0  0  0  0  0]]


 version 5 is [1.0, 1.0, 1.0, 2.0, 5.0] (with fix)
 Convnet mozart:
 loss: 0.306
 output:
[[54  0 31  1 64  0 27  0 55  0  8  0 20  0  9  0 59  0 27  0 52  0 22  0 55  0  7  0 32  0  6  0 48  0 20  0]
 [15  0  1  0 16  0  1  0 18  0  0  0  5  0  0  0 16  0  1  0 12  0  2  0 15  0  0  0 10  0  0  0 11  0  0  0]
 [ 2  0  0  0  2  0  0  0  2  0  0  0  0  0  0  0  2  0  0  0  1  0  0  0 2  0  0  0  1  0  0  0  1  0  0  0]
 [ 0  0  0  0  0  0  0  0  0  0  0  0  0  0  0  0  0  0  0  0  0  0  0  0 0  0  0  0  0  0  0  0  0  0  0  0]
 [ 0  0  0  0  0  0  0  0  0  0  0  0  0  0  0  0  0  0  0  0  0  0  0  0 0  0  0  0  0  0  0  0  0  0  0  0]]

 Transformer mozart:
 loss: 0.307
 output:
[[45  0 17 -1 36 -1 13 -1 23  0  3  0 10 -1  5  1 34 -1  5  1 22  1  0  3 18  0 -6 -1 10  0  2  1 21  0  2  1]
 [17  8 11 -1 21  2 11  1 25  0  5  0 14  1  3  0 45  0  4  0 50  0 18  0 53  0 23  0 51  0 44  1 52  0 49  2]
 [-1  0  0  0  0  0  0  0  0  0  0  0  1  0  0  0  3  0  1  0  3  0  0  0 2  0  1  0  3  0  2  0  3  0  2  0]
 [ 0  0  0  0  0  0  0  0  0  0  0  0  0  0  0  0  0  0  0  0  0  0  0  0 0  0  0  0  0  0  0  0  0  0  0  0]
 [ 0  0  0  0  0  0  0  0  0  0  0  0  0  0  0  0  0  0  0  0  0  0  0  0 0  0  0  0  0  0  0  0  0  0  0  0]]